2
1280 1024
2720.38611252756 0.327048431094909 523.713921136304
3.5527136788005e-015 2705.30185209779 585.537364846237
0 0 1.00167642042035
0 0 0 0
0.99829132010219 -0.00836730341284279 0.0578310335565958
0.00838092779921711 0.999964879383714 6.95252365323564e-006
-0.0578290606689318 0.000477737072776101 0.998326385261573
0 0 0
1280 1024
2735.30076613393 -8.88238306003688 489.977345558775
0 2714.53671618929 587.536165083871
4.55092604036663e-022 -5.4208198344692e-020 1.00509575996617
0 0 0 0
0.99829132010219 -0.00836730341284284 0.0578310335565961
0.00838092779921711 0.999964879383715 6.95252365412653e-006
-0.0578290606689321 0.000477737072775214 0.998326385261573
-330.092997876832 -5.08674255267615e-014 2.43894565895262e-013
